
[-17, -19, -21, -23, -25, -27, -29, -31, -33, -35, -37, -39, -41, -43, -45, -47, -49, -51, -53, -55, -57, -59, -61, -63, -65]
[-17, -19, -21, -23, -25, -27, -29, -31, -33, -35, -37, -39, -41, -43, -45, -47, -49, -51, -53, -55, -57, -59, -61, -63, -65]
[-17, -19, -21, -23, -25, -27, -29, -31, -33, -35, -37, -39, -41, -43, -45, -47, -49, -51, -53, -55, -57, -59, -61, -63, -65]
[-17, -19, -21, -23, -25, -27, -29, -31, -33, -35, -37, -39, -41, -43, -45, -47, -49, -51, -53, -55, -57, -59, -61, -63, -65]
[3, 6, 9, 12, 15, 18, 21, 24, 27, 30, 33, 36, 39, 42, 45, 48, 51, 54, 57, 60, 63, 66, 69, 72, 75]
[3, 6, 9, 12, 15, 18, 21, 24, 27, 30, 33, 36, 39, 42, 45, 48, 51, 54, 57, 60, 63, 66, 69, 72, 75]
[5, 7, 9, 11, 13, 15, 17, 19, 21, 23, 25, 27, 29, 31, 33, 35, 37, 39, 41, 43, 45, 47, 49, 51, 53]
[7, 9, 11, 13, 15, 17, 19, 21, 23, 25, 27, 29, 31, 33, 35, 37, 39, 41, 43, 45, 47, 49, 51, 53, 55]
[267, 269, 271, 273, 275, 277, 279, 281, 283, 285, 287, 289, 291, 293, 295, 297, 299, 301, 303, 305, 307, 309, 311, 313, 315]
[27, 29, 31, 33, 35, 37, 39, 41, 43, 45, 47, 49, 51, 53, 55, 57, 59, 61, 63, 65, 67, 69, 71, 73, 75]